   1.0049996228134608        0.0000000000000000        1.0000000000000000        1.1345806221347097       0.91753318973237130        1.1449576025506396     
   1.0055176345267807        0.0000000000000000        1.0000000000000000        1.1379660837521866       0.91383845031705313        1.1485925642393213     
   1.0061536922574312        0.0000000000000000        1.0000000000000000        1.1413513704278251       0.91008819972108745        1.1522551524307216     
   1.0069346966755124        0.0000000000000000        1.0000000000000000        1.1448427974918614       0.90616987443122521        1.1560443840871475     
   1.0078936786541419        0.0000000000000000        1.0000000000000000        1.1484959307044034       0.90201823649052992        1.1600112725477643     
   1.0090711962379681        0.0000000000000000        1.0000000000000000        1.1523456972766770       0.89758553573110511        1.1641872946417076     
   1.0105170499569309        0.0000000000000000        1.0000000000000000        1.1564173069475818       0.89283031811635305        1.1685946216083962     
   1.0122923890307183        0.0000000000000000        1.0000000000000000        1.1607313140229860       0.88771188810754509        1.1732506869353734     
   1.0144722975412264        0.0000000000000000        1.0000000000000000        1.1653067037672109       0.88218662300928286        1.1781707230819594     
   1.0171489699495271        0.0000000000000000        1.0000000000000000        1.1701625976086576       0.87620551024102933        1.1833688938457145     
   1.0204356102588901        0.0000000000000000        1.0000000000000000        1.1753188968994914       0.86971253341672905        1.1888583838845030     
   1.0244712197304227        0.0000000000000000        1.0000000000000000        1.1807963649473459       0.86264339979848503        1.1946509042394169     
   1.0294264756372917        0.0000000000000000        1.0000000000000000        1.1866164853628420       0.85492426724811565        1.2007558848245108     
   1.0355109496865695        0.0000000000000000        1.0000000000000000        1.1928011965668133       0.84647036812823040        1.2071794169219319     
   1.0429819713960673        0.0000000000000000        1.0000000000000000        1.1993724943568453       0.83718452531731136        1.2139229243981544     
   1.0521555112832841        0.0000000000000000        1.0000000000000000        1.2063518473748398       0.82695560771928389        1.2209815284566441     
   1.0634195441471395        0.0000000000000000        1.0000000000000000        1.2137593594249034       0.81565700688100407        1.2283420903530571     
   1.0772504576132502        0.0000000000000000        1.0000000000000000        1.2216125612551212       0.80314527648190404        1.2359809411056908     
   1.0942331999062778        0.0000000000000000        1.0000000000000000        1.2299246852371870       0.78925915239467614        1.2438613607353548     
   1.1150860189552920        0.0000000000000000        1.0000000000000000        1.2387021978009560       0.77381928312060611        1.2519309531729246     
   1.1406908391184916        0.0000000000000000        1.0000000000000000        1.2479413000450990       0.75662915573506795        1.2601191770469702     
   1.1721305602443879        0.0000000000000000        1.0000000000000000        1.2576230223667755       0.73747788003307635        1.2683354522622841     
   1.2107348565516431        0.0000000000000000        1.0000000000000000        1.2677065142542734       0.71614574125535424        1.2764684499630381     
   1.2581364122909791        0.0000000000000000        1.0000000000000000        1.2781202411276207       0.69241366040508789        1.2843873557223626     
   1.3163399725534437        0.0000000000000000        1.0000000000000000        1.2887513102651282       0.66607796883997572        1.2919460449707492     
   1.3878071295778944        0.0000000000000000        1.0000000000000000        1.2994344026248732       0.63697202981948176        1.2989910771569095     
   1.4755604304090693        0.0000000000000000        1.0000000000000000        1.3099441837152803       0.60499607716259174        1.3053740820790833     
   1.5833112089118728        0.0000000000000000        1.0000000000000000        1.3199981937258378       0.57015551730477343        1.3109681624050973     
   1.7156165485172363        0.0000000000000000        1.0000000000000000        1.3292787860296298       0.53260487311689431        1.3156861875239807     
   1.8780720140954748        0.0000000000000000        1.0000000000000000        1.3374785371797668       0.49268895434439453        1.3194966171100440     
   2.0775483041300484        0.0000000000000000        1.0000000000000000        1.3443615432811156       0.45096650166388041        1.3224311234569246     
   2.3224818318776519        0.0000000000000000        1.0000000000000000        1.3498186502301359       0.40819952035321888        1.3245796368683069     
   2.6232315250090408        0.0000000000000000        1.0000000000000000        1.3538906807303708       0.36529886214972734        1.3260729714735142     
   2.9925169337907698        0.0000000000000000        1.0000000000000000        1.3567476456978460       0.32323239608028470        1.3270585463938396     
   3.4459561766348576        0.0000000000000000        1.0000000000000000        1.3586350964482463       0.28291771658812159        1.3276772655085876     
   4.0027264742464430        0.0000000000000000        1.0000000000000000        1.3598132371505505       0.24512710107807401        1.3280478191632683     
