   1.4492962267324934        0.0000000000000000        1.0000000000000000        1.9021844806090780        1.0065883065716710        1.9183484843471674     
   1.4494038183856826        0.0000000000000000        1.0000000000000000        1.9072160022247340        1.0014254941461342        1.9235388956688071     
   1.4495345619665436        0.0000000000000000        1.0000000000000000        1.9119542577293767       0.99653630636026247        1.9284531590213982     
   1.4496934393834222        0.0000000000000000        1.0000000000000000        1.9166347760588229       0.99168452652052619        1.9333231908048596     
   1.4498865045681735        0.0000000000000000        1.0000000000000000        1.9213617049049247       0.98676372078406738        1.9382517632210665     
   1.4501211141577262        0.0000000000000000        1.0000000000000000        1.9261791586962864       0.98172607852424121        1.9432832225654864     
   1.4504062078144671        0.0000000000000000        1.0000000000000000        1.9311060199972236       0.97654771964666809        1.9484377779053410     
   1.4507526488668927        0.0000000000000000        1.0000000000000000        1.9361519591909393       0.97121266863203704        1.9537271958704336     
   1.4511736382504443        0.0000000000000000        1.0000000000000000        1.9413239051340960       0.96570625356817852        1.9591611356007848     
   1.4516852175214991        0.0000000000000000        1.0000000000000000        1.9466282504606205       0.96001265610805264        1.9647493623840115     
   1.4523068801115739        0.0000000000000000        1.0000000000000000        1.9520714510628390       0.95411397496561579        1.9705024412403676     
   1.4530623141132326        0.0000000000000000        1.0000000000000000        1.9576601077176745       0.94798972458788977        1.9764319612356751     
   1.4539803049011191        0.0000000000000000        1.0000000000000000        1.9634008836643362       0.94161640679980108        1.9825506380592768     
   1.4550958319819678        0.0000000000000000        1.0000000000000000        1.9693003505719708       0.93496704634915817        1.9888723790847651     
   1.4564514018684280        0.0000000000000000        1.0000000000000000        1.9753647748152687       0.92801066948847266        1.9954123310114076     
   1.4580986677650836        0.0000000000000000        1.0000000000000000        1.9815998290139070       0.92071171035390675        2.0021868970394694     
   1.4601003977838658        0.0000000000000000        1.0000000000000000        1.9880102216518341       0.91302933918446882        2.0092137132706425     
   1.4625328666865665        0.0000000000000000        1.0000000000000000        1.9945992178507175       0.90491671055342615        2.0165115645600942     
   1.4654887622904127        0.0000000000000000        1.0000000000000000        2.0013680465142389       0.89632012523492655        2.0241002087725946     
   1.4690807172836038        0.0000000000000000        1.0000000000000000        2.0083151624992088       0.88717811511667466        2.0320000716916811     
   1.4734456010285921        0.0000000000000000        1.0000000000000000        2.0154353662032922       0.87742045943244462        2.0402317487515802     
   1.4787497348897838        0.0000000000000000        1.0000000000000000        2.0227187614491249       0.86696716468214019        2.0488152348406263     
   1.4851952298127000        0.0000000000000000        1.0000000000000000        2.0301495683523618       0.85572745628497937        2.0577687636774877     
   1.4930276876443742        0.0000000000000000        1.0000000000000000        2.0377048224806442       0.84359886325685185        2.0671071075106218     
   1.5025455596493369        0.0000000000000000        1.0000000000000000        2.0453530293421887       0.83046651778188441        2.0768391602267471     
   1.5141115188220133        0.0000000000000000        1.0000000000000000        2.0530528869232727       0.81620285312139940        2.0869646164849778     
   1.5281662793309032        0.0000000000000000        1.0000000000000000        2.0607522610751303       0.80066795116118372        2.0974696121684975     
   1.5452453896764518        0.0000000000000000        1.0000000000000000        2.0683876491935895       0.78371089448616571        2.1083213410351709     
   1.5659996394561559        0.0000000000000000        1.0000000000000000        2.0758844323775540       0.76517259316508279        2.1194619519819060     
   1.5912198573248586        0.0000000000000000        1.0000000000000000        2.0831582544230827       0.74489067185828672        2.1308024904719902     
   1.6218670450621309        0.0000000000000000        1.0000000000000000        2.0901178275758410       0.72270709213673523        2.1422182162592436     
   1.6591089959879068        0.0000000000000000        1.0000000000000000        2.0966693706122754       0.69847912495814257        2.1535471643279562     
   1.7043647930498713        0.0000000000000000        1.0000000000000000        2.1027226413703648       0.67209399844498996        2.1645940197651177     
   1.7593588821564163        0.0000000000000000        1.0000000000000000        2.1081981642563323       0.64348689207799847        2.1751409207947794     
   1.8261867811881727        0.0000000000000000        1.0000000000000000        2.1130348120192641       0.61266091847493831        2.1849654598515502     
   1.9073949284919003        0.0000000000000000        1.0000000000000000        2.1171965057864290       0.57970653394414229        2.1938640510724654     
   2.0060777134373029        0.0000000000000000        1.0000000000000000        2.1206766383696425       0.54481680548259326        2.2016765966598753     
   2.1259953863298797        0.0000000000000000        1.0000000000000000        2.1234990659133972       0.50829468280353529        2.2083069911751982     
   2.2717173405686779        0.0000000000000000        1.0000000000000000        2.1257151789613733       0.47054920312908483        2.2137343219016907     
   2.4487962267324930        0.0000000000000000        1.0000000000000000        2.1273974862230327       0.43207937082957604        2.2180118444897037     
