   2.0049999999999999        1.5700000000000001        7.9632671073326335E-004  0.84776918547227931       0.59415813568699671       0.84776918540546564     
   2.0060759165318918        1.5700000000000001        7.9632671073326335E-004  0.85134165117457739       0.59042071061476842       0.85134165120899963     
   2.0073833523405029        1.5700000000000001        7.9632671073326335E-004  0.85477994678521352       0.58678207320827713       0.85477994662178902     
   2.0089721265092884        1.5700000000000001        7.9632671073326335E-004  0.85826696875589148       0.58305176709839635       0.85826696879949904     
   2.0109027783568019        1.5700000000000001        7.9632671073326335E-004  0.86188101138376938       0.57914233797706349       0.86188101127456496     
   2.0132488742523287        1.5700000000000001        7.9632671073326335E-004  0.86565535799018944       0.57500940833032821       0.86565535793718507     
   2.0160998108197359        1.5700000000000001        7.9632671073326335E-004  0.86960593470157432       0.57062362679826983       0.86960593475606407     
   2.0195642213439924        1.5700000000000001        7.9632671073326335E-004  0.87374288538038247       0.56595861819691329       0.87374288542105982     
   2.0237741151795103        1.5700000000000001        7.9632671073326335E-004  0.87807451744512877       0.56098647120677259       0.87807451752768229     
   2.0288899078900569        1.5700000000000001        7.9632671073326335E-004  0.88260820688101516       0.55567616643128370       0.88260820671679707     
   2.0351065337908048        1.5700000000000001        7.9632671073326335E-004  0.88735030040990104       0.54999288589226714       0.88735030036761642     
   2.0426608738073933        1.5700000000000001        7.9632671073326335E-004  0.89230571034777684       0.54389750479721943       0.89230571020706528     
   2.0518407816862569        1.5700000000000001        7.9632671073326335E-004  0.89747735288806363       0.53734609319579196       0.89747735289012576     
   2.0629960524947437        1.5700000000000001        7.9632671073326335E-004  0.90286545029334286       0.53028941265620655       0.90286545045017630     
   2.0765517513593457        1.5700000000000001        7.9632671073326335E-004  0.90846667488584454       0.52267242854821694       0.90846667491014810     
   2.0930244103259024        1.5700000000000001        7.9632671073326335E-004  0.91427311781319720       0.51443387745590152       0.91427311773894826     
   2.1130417105137251        1.5700000000000001        7.9632671073326335E-004  0.92027107386882201       0.50550595117314190       0.92027107395144792     
   2.1373663995407317        1.5700000000000001        7.9632671073326335E-004  0.92643964112208743       0.49581418334672600       0.92643964127932987     
   2.1669253555791941        1.5700000000000001        7.9632671073326335E-004  0.93274916022852583       0.48527766377171044       0.93274916032764255     
   2.2028449055111050        1.5700000000000001        7.9632671073326335E-004  0.93915956315146354       0.47380975412430237       0.93915956308508108     
   2.2464937429609866        1.5700000000000001        7.9632671073326335E-004  0.94561876453340010       0.46131954661340691       0.94561876456025895     
   2.2995350815729036        1.5700000000000001        7.9632671073326335E-004  0.95206134142758858       0.44771439754415343       0.95206134143428756     
   2.3639900308020665        1.5700000000000001        7.9632671073326335E-004  0.95840790825188504       0.43290398998290791       0.95840790824434396     
   2.4423146091188084        1.5700000000000001        7.9632671073326335E-004  0.96456581421759946       0.41680651058163470       0.96456581399322916     
   2.5374933291684361        1.5700000000000001        7.9632671073326335E-004  0.97043197693464966       0.39935758498295171       0.97043197679000215     
   2.6531529208952005        1.5700000000000001        7.9632671073326335E-004  0.97589866929245972       0.38052241948658933       0.97589866922207813     
   2.7937005259840992        1.5700000000000001        7.9632671073326335E-004  0.98086261549216958       0.36031089589502624       0.98086261543778797     
   2.9644916294395842        1.5700000000000001        7.9632671073326335E-004  0.98523671559263426       0.33879403971739852       0.98523671555639769     
   3.1720341272366248        1.5700000000000001        7.9632671073326335E-004  0.98896229051948781       0.31611860900039157       0.98896229053752527     
   3.4242363059236522        1.5700000000000001        7.9632671073326335E-004  0.99201862744528546       0.29251531211989545       0.99201862748302461     
   3.7307081832963744        1.5700000000000001        7.9632671073326335E-004  0.99442663738559567       0.26829633195731434       0.99442663743644710     
   4.1031276925541356        1.5700000000000001        7.9632671073326335E-004  0.99624498236878001       0.24383989520326438       0.99624498229464908     
   4.5556856631737794        1.5700000000000001        7.9632671073326335E-004  0.99755953204433245       0.21956305450184821       0.99755953203049841     
   5.1056265542392305        1.5700000000000001        7.9632671073326335E-004  0.99846923448010361       0.19588726206729434       0.99846923448382685     
   5.7739055445567944        1.5700000000000001        7.9632671073326335E-004  0.99907231338624247       0.17320324996680325       0.99907231339156077     
   6.5859870175940687        1.5700000000000001        7.9632671073326335E-004  0.99945591109250953       0.15184152315620653       0.99945591109571397     
   7.5728148670480957        1.5700000000000001        7.9632671073326335E-004  0.99969052861652252       0.13205277039029245       0.99969052861808405     
   8.7719915959738657        1.5700000000000001        7.9632671073326335E-004  0.99982888312588802       0.11399971788783683       0.99982888333943876     
   10.229211138361844        1.5700000000000001        7.9632671073326335E-004  0.99990778447611528        9.7759424739682840E-002  0.99990778478422226     
   11.999999999999993        1.5700000000000001        7.9632671073326335E-004  0.99995143732643099        8.3333390310064218E-002  0.99995143746782322     
